MEMORY
  total         1277461 KB
  struct            159 KB
  buffer            374 KB
  arena         1276928 KB, used 0.0%

SIZES
  narena                1307574272
  nbuffer               382624
  nplugin               0
  maxuse_stack          2928
  maxuse_arena          29792
  maxuse_con            0
  maxuse_efc            7
  ncon                  0
  ne                    0
  nf                    7
  nl                    0
  nefc                  7
  nJ                    49
  nA                    0
  nisland               1
  nidof                 7
  ntree_awake           1
  nbody_awake           22
  nparent_awake         21
  nv_awake              7
  flg_energypos         0
  flg_energyvel         0
  flg_subtreevel        0
  flg_rnepost           1
  threadpool            0

TIMER
    0:  duration =  0.48       number = 25
    1:  duration =  0          number = 0
    2:  duration =  0          number = 0
    3:  duration =  0.36       number = 25
    4:  duration =  0.047      number = 25
    5:  duration =  0.0053     number = 25
    6:  duration =  0.032      number = 25
    7:  duration =  0.0075     number = 25
    8:  duration =  0.055      number = 25
    9:  duration =  0.0075     number = 25
    10:  duration =  0.26       number = 25
    11:  duration =  0.035      number = 25
    12:  duration =  0.00074    number = 25
    13:  duration =  0.058      number = 25
    14:  duration =  0.099      number = 25

SOLVER STAT
  solver_fwdinv =   0         0       
  ISLAND 0
    solver_niter = 1
    solver_nnz = 49
      0:  improvement =  3.5e-10     gradient =  6e-20       lineslope =  0       
          nactive = 7   nchange = 0   neval = 2   nupdate = 0

ENERGY =   0         0       

TIME =  26      

QPOS
   0.088   
   0.31    
   0.034   
  -2.5     
  -0.26    
   3       
   1.2     

QVEL
   0.0018  
  -4.8e-07 
  -0.00092 
  -1.6e-06 
   5.1e-05 
  -9.7e-07 
  -2.7e-06 

QACC_WARMSTART
  -0.0036  
   1.4e-06 
   0.0008  
  -5.3e-06 
   4.5e-05 
   9.3e-07 
   4.6e-05 

CTRL
   0.075   
  -25      
   0.23    
   11      
   0.18    
   1.9     
  -0.0015  

QFRC_APPLIED
   0       
   0       
   0       
   0       
   0       
   0       
   0       

XFRC_APPLIED
   0         0         0         0         0         0       
   0         0         0         0         0         0       
   0         0         0         0         0         0       
   0         0         0         0         0         0       
   0         0         0         0         0         0       
   0         0         0         0         0         0       
   0         0         0         0         0         0       
   0         0         0         0         0         0       
   0         0         0         0         0         0       
   0         0         0         0         0         0       
   0         0         0         0         0         0       
   0         0         0         0         0         0       
   0         0         0         0         0         0       
   0         0         0         0         0         0       
   0         0         0         0         0         0       
   0         0         0         0         0         0       
   0         0         0         0         0         0       
   0         0         0         0         0         0       
   0         0         0         0         0         0       
   0         0         0         0         0         0       
   0         0         0         0         0         0       
   0         0         0         0         0         0       

MOCAP_POS
   0         0        -1       
   0         0        -1       

MOCAP_QUAT
   1         0         0         0       
   1         0         0         0       

QACC
  -0.0036  
   1.4e-06 
   0.0008  
  -5.3e-06 
   4.5e-05 
   9.3e-07 
   4.6e-05 

SENSOR
  -0.00011 
   0.054   
  -0.29    
   3.5e-07 
  -2.7e-06 
   2.9e-05 
   0       
   0       
   0       
   0       

TREE_ASLEEP
  -11

XPOS
   0         0         0       
   0.15      0         0.88    
   0         0        -1       
   0         0        -1       
  -0.41      0         0.91    
  -0.41      0         0.91    
  -0.41      0         1.2     
  -0.41      0         1.2     
  -0.31      0.0084    1.5     
  -0.24      0.018     1.5     
  -0.039     0.045     1.2     
  -0.039     0.045     1.2     
   0.041     0.077     1.2     
   0.061     0.077     1.1     
   0.069     0.077     1       
   0.077     0.077     1       
  -0.41      0         0.92    
  -0.41      0         0.92    
  -0.41      0         0.92    
  -0.41      0         0.92    
  -0.41      0         0.92    
   0.063    -0.018     0.93    

XQUAT
   1         0         0         0       
   1         0         0         0       
   1         0         0         0       
   1         0         0         0       
   1         0         0         0       
   1         0         0         0       
   1         0         0         0.044   
   0.69     -0.7       0.078     0.14    
   0.99     -0.0041    0.15      0.06    
   0.15      0.071     0.71     -0.69    
   0.16     -0.19      0.97     -0.0062  
   0.71      0.68      0.067     0.19    
  -0.034     0.92     -0.39      0.086   
   0.0011    1        -0.011     0.093   
   0.066     0.71      0.7       0.065   
   0.066     0.71      0.7       0.065   
   1         0         0         0       
   1         0         0         0       
   1         0         0         0       
   1         0         0         0       
   1         0         0         0       
   1         0         0         0       

XMAT
   1         0         0         0         1         0         0         0         1       
   1         0         0         0         1         0         0         0         1       
   1         0         0         0         1         0         0         0         1       
   1         0         0         0         1         0         0         0         1       
   1         0         0         0         1         0         0         0         1       
   1         0         0         0         1         0         0         0         1       
   1        -0.087     0         0.087     1         0         0         0         1       
   0.95     -0.3      -0.087     0.083    -0.026     1        -0.3      -0.95     -1.2e-16 
   0.95     -0.12      0.3       0.12      0.99      0.026    -0.3       0.01      0.95    
  -0.94      0.31      0.12     -0.11      0.047    -0.99     -0.31     -0.95     -0.01    
  -0.88     -0.36      0.31     -0.36      0.93      0.047    -0.31     -0.071    -0.95    
   0.92     -0.18      0.36      0.37      0.0042   -0.93      0.17      0.98      0.071   
   0.68     -0.71      0.18     -0.72     -0.69     -0.0042    0.13     -0.13     -0.98    
   0.98     -0.022     0.18     -0.021    -1        -0.0042    0.18      0.00024  -0.98    
   0.022     0.98      0.18      1        -0.021    -0.0042   -0.00024   0.18     -0.98    
   0.022     0.98      0.18      1        -0.021    -0.0042   -0.00024   0.18     -0.98    
   1         0         0         0         1         0         0         0         1       
   1         0         0         0         1         0         0         0         1       
   1         0         0         0         1         0         0         0         1       
   1         0         0         0         1         0         0         0         1       
   1         0         0         0         1         0         0         0         1       
   1         0         0         0         1         0         0         0         1       

XIPOS
   0         0         0       
   0.15      0         0.88    
   0         0        -2       
   0         0        -2       
  -0.41      0         0.91    
  -0.41      0         0.96    
  -0.41      0         1.2     
  -0.38      0.0026    1.3     
  -0.29      0.012     1.5     
  -0.18      0.025     1.5     
  -0.086     0.038     1.3     
   0.016     0.067     1.2     
   0.056     0.077     1.1     
   0.061     0.077     1.1     
   0.069     0.077     1       
   0.086     0.076     0.96    
  -0.41      0         0.93    
  -0.74      0         0.54    
  -0.53      0         0.16    
  -0.41      0         0.92    
  -0.41      0         0.92    
   0.063    -0.018     0.93    

XIMAT
   1         0         0         0         1         0         0         0         1       
   1         0         0         0         1         0         0         0         1       
   1         0         0         0         1         0         0         0         1       
   1         0         0         0         1         0         0         0         1       
   1         0         0         0         1         0         0         0         1       
   1         0         0         0         1         0         0         0         1       
   1        -0.087     0         0.087     1         0         0         0         1       
   0.95     -0.3      -0.087     0.083    -0.026     1        -0.3      -0.95     -1.2e-16 
   0.95     -0.12      0.3       0.12      0.99      0.026    -0.3       0.01      0.95    
  -0.94      0.31      0.12     -0.11      0.047    -0.99     -0.31     -0.95     -0.01    
  -0.88     -0.36      0.31     -0.36      0.93      0.047    -0.31     -0.071    -0.95    
   0.92     -0.18      0.36      0.37      0.0042   -0.93      0.17      0.98      0.071   
   0.68     -0.71      0.18     -0.72     -0.69     -0.0042    0.13     -0.13     -0.98    
   0.98     -0.022     0.18     -0.021    -1        -0.0042    0.18      0.00024  -0.98    
   0.022     0.98      0.18      1        -0.021    -0.0042   -0.00024   0.18     -0.98    
   0.022     0.98      0.18      1        -0.021    -0.0042   -0.00024   0.18     -0.98    
   1         0         0         0         1         0         0         0         1       
   1         0         0         0         1         0         0         0         1       
   1         0         0         0         1         0         0         0         1       
   1         0         0         0         1         0         0         0         1       
   0.004    -0.73     -0.68      1         0.0055   -3.3e-05   0.0038   -0.68      0.73    
   0        -1         0         0         0        -1         1         0         0       

XANCHOR
  -0.41      0         1.2     
  -0.41      0         1.2     
  -0.31      0.0084    1.5     
  -0.24      0.018     1.5     
  -0.039     0.045     1.2     
  -0.039     0.045     1.2     
   0.041     0.077     1.2     

XAXIS
   0         0         1       
  -0.087     1         2.2e-16 
   0.3       0.026     0.95    
   0.12     -0.99     -0.01    
   0.31      0.047    -0.95    
   0.36     -0.93      0.071   
   0.18     -0.0042   -0.98    

GEOM_XPOS
   0         0         0       
  -1.2       2.2       1.5     
  -1.2      -2.2       1.5     
   1.2       3         1.5     
   1.2      -3         1.5     
  -2         0         1.5     
   3         0         1.5     
   0.15      0         0.88    
   0.15      0         0.88    
   0.3       0.3       0.44    
   0         0.3       0.44    
   0        -0.3       0.44    
   0.3      -0.3       0.44    
   0         0        -1       
   0         0        -1       
   0         0        -1       
   0         0        -1       
  -0.43      0.069     0.95    
  -0.44      0.073     0.95    
  -0.43     -0.065     0.97    
  -0.43     -0.073     0.97    
  -0.47     -0.066     0.96    
  -0.47      0.058     0.95    
  -0.47      0.058     0.95    
  -0.4      -0.072     0.96    
  -0.44     -3.4e-05   0.97    
  -0.43     -0.073     0.94    
  -0.43     -0.065     0.94    
  -0.4       0.072     0.96    
  -0.44     -0.00088   0.97    
  -0.41     -0.032     1.2     
  -0.41     -0.032     1.2     
  -0.39      0.034     1.3     
  -0.39      0.033     1.3     
  -0.29      0.037     1.5     
  -0.3      -0.00057   1.5     
  -0.28      0.0021    1.5     
  -0.25      0.096     1.5     
  -0.29      0.037     1.5     
  -0.19      0.035     1.5     
  -0.18      0.00054   1.5     
  -0.22     -0.06      1.5     
  -0.18      0.036     1.5     
  -0.19     -0.00043   1.5     
  -0.084     0.13      1.2     
  -0.1       0.14      1.3     
  -0.09      0.081     1.3     
  -0.087     0.076     1.3     
  -0.015     0.059     1.2     
  -0.021    -0.004     1.2     
   0.042     0.084     1.3     
   0.023     0.088     1.3     
   0.037     0.082     1.3     
   0.031     0.068     1.3     
   0.017     0.074     1.3     
   0.0036    0.069     1.3     
   0.052     0.087     1.3     
  -0.021    -0.0039    1.2     
   0.03      0.079     1.3     
   0.027     0.078     1.3     
   0.018     0.1       1.3     
   0.036     0.054     1.3     
  -0.017     0.0072    1.2     
   0.029     0.078     1.3     
   0.016     0.059     1.2     
   0.0083    0.058     1.2     
   0.055     0.018     1.1     
   0.087     0.019     1.1     
   0.058     0.12      1.1     
   0.058     0.13      1.1     
   0.058     0.13      1.1     
   0.023     0.02      1.1     
   0.052     0.019     1.1     
   0.056     0.077     1.1     
   0.055     0.062     1.1     
   0.069     0.077     1       
   0.079     0.09      1.1     
   0.079     0.087     1.1     
   0.079     0.082     1.1     
   0.079     0.077     1.1     
   0.079     0.072     1.1     
   0.079     0.067     1.1     
   0.079     0.063     1.1     
   0.09      0.091     1       
   0.09      0.086     1       
   0.09      0.081     1       
   0.09      0.076     1       
   0.09      0.071     1       
   0.09      0.066     1       
   0.089     0.061     1       
   0.06      0.091     1       
   0.06      0.087     1       
   0.059     0.082     1       
   0.059     0.077     1       
   0.059     0.072     1       
   0.059     0.067     1       
   0.059     0.063     1       
   0.066     0.092     1       
   0.065     0.087     1       
   0.065     0.082     1       
   0.065     0.077     1       
   0.065     0.072     1       
   0.065     0.067     1       
   0.065     0.062     1       
   0.069     0.09      1       
   0.069     0.087     1       
   0.069     0.082     1       
   0.069     0.077     1       
   0.069     0.072     1       
   0.069     0.067     1       
   0.069     0.063     1       
  -0.74      0         0.54    
  -0.53      0         0.16    
  -0.41      0         0.87    
  -0.56      0.0016    0.4     
  -0.43      0         0.63    
   0.063    -0.018     0.93    
   0.063    -0.018     0.93    

GEOM_XMAT
   1         0         0         0         1         0         0         0         1       
   0.71      0         0.71      0.71      0        -0.71      0         1         0       
   0.71      0        -0.71     -0.71      0        -0.71      0         1         0       
   1         0         0         0         0        -1         0         1         0       
   1        -0         0         0         0         1        -0        -1         0       
   0         0         1         1         0         0         0         1         0       
   0         0        -1        -1         0         0         0         1         0       
   1         0         0         0         1         0         0         0         1       
   1         0         0         0         1         0         0         0         1       
   1         0         0         0         1         0         0         0         1       
   1         0         0         0         1         0         0         0         1       
   1         0         0         0         1         0         0         0         1       
   1         0         0         0         1         0         0         0         1       
   1         0         0         0         1         0         0         0         1       
   1         0         0         0         1         0         0         0         1       
   1         0         0         0         1         0         0         0         1       
   1         0         0         0         1         0         0         0         1       
  -0.16     -0.99      0         0.99     -0.16      0         0         0         1       
   1         0         0         0         1         0         0         0         1       
   0.99      0        -0.17     -0.17      0        -0.99      0         1         0       
   1         0         0         0         1         0         0         0         1       
   0.16     -0.99      0         0.99      0.16      0         0         0         1       
   0        -1         0         1         0         0         0         0         1       
   1         0         0         0         1         0         0         0         1       
   0.16     -0.98     -0.12      0.99      0.16      0.022    -0.0026   -0.12      0.99    
  -0.42      0.0024    0.91     -0.0015   -1         0.0019    0.91     -0.00057   0.42    
   1         0         0         0         1         0         0         0         1       
   0.99      0        -0.15     -0.15      0        -0.99      0         1         0       
  -0.16     -0.98     -0.12      0.99     -0.16     -0.022     0.0025   -0.12      0.99    
  -0.36      0.0082    0.93      0.022    -1         0.017     0.93      0.027     0.36    
   1        -0.081     0.033     0.087     0.92     -0.37     -0.00014   0.37      0.93    
   1        -0.081     0.033     0.087     0.92     -0.37     -0.00014   0.37      0.93    
   0.95      0.03      0.31      0.084     0.93     -0.35     -0.3       0.35      0.89    
   0.95      0.02      0.31      0.083     0.95     -0.31     -0.3       0.32      0.9     
  -0.51      0.37      0.78      0.11     -0.87      0.49      0.85      0.33      0.4     
   0.32     -0.95      0.043    -0.46     -0.2      -0.86      0.83      0.26     -0.5     
  -0.75     -0.59      0.31      0.62     -0.78      0.022     0.23      0.21      0.95    
  -0.2      -0.34      0.92      0.98     -0.049     0.19     -0.021     0.94      0.35    
  -0.56      0.3       0.78      0.2      -0.86      0.47      0.8       0.42      0.42    
   0.74      0.59     -0.32     -0.63      0.78     -0.042     0.22      0.23      0.95    
  -0.56      0.28     -0.78      0.26     -0.83     -0.49     -0.78     -0.48      0.4     
   0.2       0.33     -0.92     -0.98      0.029    -0.2      -0.04      0.94      0.33    
   0.33      0.94      0.037    -0.44      0.19     -0.88     -0.83      0.27      0.48    
  -0.58      0.24     -0.78      0.29     -0.83     -0.48     -0.76     -0.51      0.41    
  -0.38      0.88      0.29      0.93      0.37      0.093    -0.025     0.3      -0.95    
  -0.88     -0.36      0.31     -0.36      0.93      0.047    -0.31     -0.071    -0.95    
  -0.88     -0.43      0.2      -0.36      0.88      0.3      -0.31      0.19     -0.93    
  -0.88     -0.43      0.2      -0.36      0.88      0.29     -0.31      0.19     -0.93    
   0.31     -0.29      0.91     -0.94     -0.19      0.27      0.097    -0.94     -0.33    
   0.36     -0.92      0.18     -0.93     -0.37     -0.0042    0.071    -0.17     -0.98    
   0.03      0.21      0.98      0.077    -0.97      0.21      1         0.069    -0.045   
   0.92     -0.18      0.36      0.37      0.0042   -0.93      0.17      0.98      0.071   
   0.92     -0.18      0.36      0.37      0.0042   -0.93      0.17      0.98      0.071   
   0.92     -0.18      0.36      0.37      0.0042   -0.93      0.17      0.98      0.071   
   0.92     -0.18      0.36      0.37      0.0042   -0.93      0.17      0.98      0.071   
   0.92     -0.18      0.36      0.37      0.0042   -0.93      0.17      0.98      0.071   
   0.92     -0.18      0.36      0.37      0.0042   -0.93      0.17      0.98      0.071   
   0.36      0.18      0.92     -0.93     -0.0042    0.37      0.071    -0.98      0.17    
   0.019     0.39      0.92      0.084    -0.92      0.38      1         0.07     -0.05    
   0.92     -0.18      0.36      0.37      0.0042   -0.93      0.17      0.98      0.071   
   0.92     -0.18      0.36      0.37      0.0042   -0.93      0.17      0.98      0.071   
   0.92     -0.18      0.36      0.37      0.0042   -0.93      0.17      0.98      0.071   
   0.27      0.2       0.94     -0.96     -0.0028    0.27      0.056    -0.98      0.19    
   0.02      0.33      0.94      0.084    -0.94      0.33      1         0.073    -0.047   
   0.57      0.19      0.8      -0.81     -0.054     0.59      0.16     -0.98      0.13    
   0.48      0.3       0.82     -0.87      0.053     0.49      0.1      -0.95      0.28    
   0.18     -0.032     0.98      0.21      0.98     -0.0076   -0.96      0.21      0.19    
   0.98      0.2       0.059    -0.11      0.22      0.97      0.18     -0.95      0.24    
   0.98      0.18      0.023    -0.022    -0.0042    1         0.18     -0.98     -5.2e-05 
   0.68     -0.71      0.18     -0.72     -0.69     -0.0042    0.13     -0.13     -0.98    
   0.68     -0.71      0.18     -0.72     -0.69     -0.0042    0.13     -0.13     -0.98    
  -0.98      0.17      0.1      -0.063     0.23     -0.97     -0.18     -0.96     -0.21    
   0.18     -0.03      0.98      0.27      0.96     -0.021    -0.94      0.27      0.18    
   0.19      0.71      0.68     -0.0022    0.69     -0.72     -0.98      0.13      0.13    
   0.19     -0.98      0.013     0.049     0.022     1        -0.98     -0.18      0.053   
   0.022     0.98      0.18      1        -0.021    -0.0042   -0.00024   0.18     -0.98    
   0.022     0.98      0.18      1        -0.021    -0.0042   -0.00024   0.18     -0.98    
   0.022     0.98      0.18      1        -0.021    -0.0042   -0.00024   0.18     -0.98    
   0.022     0.98      0.18      1        -0.021    -0.0042   -0.00024   0.18     -0.98    
   0.022     0.98      0.18      1        -0.021    -0.0042   -0.00024   0.18     -0.98    
   0.022     0.98      0.18      1        -0.021    -0.0042   -0.00024   0.18     -0.98    
   0.022     0.98      0.18      1        -0.021    -0.0042   -0.00024   0.18     -0.98    
   0.022     0.98      0.18      1        -0.021    -0.0042   -0.00024   0.18     -0.98    
   0.022     0.98      0.18      1        -0.021    -0.0042   -0.00024   0.18     -0.98    
   0.022     0.98      0.18      1        -0.021    -0.0042   -0.00024   0.18     -0.98    
   0.022     0.98      0.18      1        -0.021    -0.0042   -0.00024   0.18     -0.98    
   0.022     0.98      0.18      1        -0.021    -0.0042   -0.00024   0.18     -0.98    
   0.022     0.98      0.18      1        -0.021    -0.0042   -0.00024   0.18     -0.98    
   0.022     0.98      0.18      1        -0.021    -0.0042   -0.00024   0.18     -0.98    
   0.022     0.98      0.18      1        -0.021    -0.0042   -0.00024   0.18     -0.98    
   0.022     0.98      0.18      1        -0.021    -0.0042   -0.00024   0.18     -0.98    
   0.022     0.98      0.18      1        -0.021    -0.0042   -0.00024   0.18     -0.98    
   0.022     0.98      0.18      1        -0.021    -0.0042   -0.00024   0.18     -0.98    
   0.022     0.98      0.18      1        -0.021    -0.0042   -0.00024   0.18     -0.98    
   0.022     0.98      0.18      1        -0.021    -0.0042   -0.00024   0.18     -0.98    
   0.022     0.98      0.18      1        -0.021    -0.0042   -0.00024   0.18     -0.98    
   0.022     0.98      0.18      1        -0.021    -0.0042   -0.00024   0.18     -0.98    
   0.022     0.98      0.18      1        -0.021    -0.0042   -0.00024   0.18     -0.98    
   0.022     0.98      0.18      1        -0.021    -0.0042   -0.00024   0.18     -0.98    
   0.022     0.98      0.18      1        -0.021    -0.0042   -0.00024   0.18     -0.98    
   0.022     0.98      0.18      1        -0.021    -0.0042   -0.00024   0.18     -0.98    
   0.022     0.98      0.18      1        -0.021    -0.0042   -0.00024   0.18     -0.98    
   0.022     0.98      0.18      1        -0.021    -0.0042   -0.00024   0.18     -0.98    
   0.022     0.98      0.18      1        -0.021    -0.0042   -0.00024   0.18     -0.98    
   0.022     0.98      0.18      1        -0.021    -0.0042   -0.00024   0.18     -0.98    
   0.022     0.98      0.18      1        -0.021    -0.0042   -0.00024   0.18     -0.98    
   0.022     0.98      0.18      1        -0.021    -0.0042   -0.00024   0.18     -0.98    
   0.022     0.98      0.18      1        -0.021    -0.0042   -0.00024   0.18     -0.98    
   0.022     0.98      0.18      1        -0.021    -0.0042   -0.00024   0.18     -0.98    
   0.022     0.98      0.18      1        -0.021    -0.0042   -0.00024   0.18     -0.98    
   0.022     0.98      0.18      1        -0.021    -0.0042   -0.00024   0.18     -0.98    
   1         0         0         0         1         0         0         0         1       
   1         0         0         0         1         0         0         0         1       
   1         0         0         0         1         0         0         0         1       
   0.0023   -0.99     -0.17      1         0.0019    0.0026   -0.0023   -0.17      0.99    
   1         0         0         0         1         0         0         0         1       
   0        -1         0         0         0        -1         1         0         0       
   0        -1         0         0         0        -1         1         0         0       

SITE_XPOS
   0.15      0         0.9     
  -0.41      0         0.91    
   0.069     0.077     1       
   0.09      0.091     1       
   0.089     0.061     1       
   0.066     0.092     1       
   0.065     0.062     1       
   0.077     0.077     1       
   0.078     0.1       1       
   0.13      0.075     1       
   0.13      0.075     0.71    
   0.077     0.077     1       
   0.063    -0.018     0.93    

SITE_XMAT
   1         0         0         0         1         0         0         0         1       
   1         0         0         0         1         0         0         0         1       
   0.022     0.98      0.18      1        -0.021    -0.0042   -0.00024   0.18     -0.98    
   0.022     0.98      0.18      1        -0.021    -0.0042   -0.00024   0.18     -0.98    
   0.022     0.98      0.18      1        -0.021    -0.0042   -0.00024   0.18     -0.98    
   0.022     0.98      0.18      1        -0.021    -0.0042   -0.00024   0.18     -0.98    
   0.022     0.98      0.18      1        -0.021    -0.0042   -0.00024   0.18     -0.98    
   0.022     0.98      0.18      1        -0.021    -0.0042   -0.00024   0.18     -0.98    
  -0.18      0.98      0.022     0.0042   -0.021     1         0.98      0.18     -0.00024 
   0.022     0.18     -0.98      1        -0.0042    0.021    -0.00024  -0.98     -0.18    
   0.022     0.98      0.18      1        -0.021    -0.0042   -0.00024   0.18     -0.98    
   0.022     0.98      0.18      1        -0.021    -0.0042   -0.00024   0.18     -0.98    
   1         0         0         0         1         0         0         0         1       

CAM_XPOS
   0.9       0         1.4     
  -0.2       0         3       
   0.5       0         1.4     
  -0.057     1.3       1.5     
   0.59      0         1.3     
   0.11      0.076     1.1     

CAM_XMAT
  -5.6e-17  -0.26      0.97      1         0         0         0         0.97      0.26    
   0        -1         0         1         0         0         0         0         1       
   0        -0.71      0.71      1         0         0         0         0.71      0.71    
  -1        -0.0078    0.023     0.024    -0.3       0.95     -0.00062   0.95      0.3     
   0        -0.71      0.71      1         0         0         0         0.71      0.71    
  -0.022     0.98     -0.18     -1        -0.021     0.0042    0.00024   0.18      0.98    

LIGHT_XPOS
   1         1         1.5     

LIGHT_XDIR
  -0.19     -0.19     -0.96    

SUBTREE_COM
  -0.48      0.0011    0.48    
   0.15      0         0.88    
   0         0        -2       
   0         0        -2       
  -0.52      0.0012    0.45    
  -0.27      0.018     1.2     
  -0.23      0.023     1.3     
  -0.19      0.029     1.3     
  -0.12      0.039     1.4     
  -0.07      0.047     1.3     
  -0.019     0.057     1.2     
   0.033     0.071     1.2     
   0.059     0.077     1.1     
   0.061     0.077     1.1     
   0.069     0.077     1       
   0.086     0.076     0.96    
  -0.54      0         0.4     
  -0.74      0         0.54    
  -0.53      0         0.16    
  -0.41      0         0.92    
  -0.41      0         0.92    
   0.063    -0.018     0.93    

CDOF
   0         0         1        -0.0012   -0.11      0       
  -0.087     1         2.2e-16  -0.79     -0.07      0.11    
   0.3       0.026     0.95     -0.022     0.13      0.0033  
   0.12     -0.99     -0.01      1.1       0.13     -0.29    
   0.31      0.047    -0.95     -0.076     0.69      0.0091  
   0.36     -0.93      0.071     0.69      0.23     -0.47    
   0.18     -0.0042   -0.98     -0.072     0.69     -0.016   

CINERT
   0         0         0         0         0         0         0         0         0         0       
   1.1       0.42      1.5       0         0         0         0         0         0         20      
   0         0         0         0         0         0         0         0         0         0       
   0         0         0         0         0         0         0         0         0         0       
   0         0         0         0         0         0         0        -0         0         0       
   1.5       1.5       0.45      0.00052  -0.23      0.0024    0.45     -0.0046    2.1       4       
   1.9       1.9       0.34      0.00039  -0.25      0.0025    0.34     -0.0035    2.2       3       
   2.7       2.7       0.36     -0.00064  -0.38     -0.004     0.43      0.0045    2.7       3       
   2.4       2.5       0.31     -0.0049   -0.48     -0.022     0.46      0.021     2.1       2       
   2.4       2.6       0.43     -0.016    -0.7      -0.049     0.68      0.047     2.1       2       
   1.7       2.1       0.58     -0.032    -0.77     -0.065     0.87      0.074     1.8       2       
   0.94      1.4       0.54     -0.053    -0.6      -0.074     0.81      0.099     1.1       1.5     
   0.28      0.44      0.22     -0.022    -0.19     -0.025     0.29      0.038     0.33      0.5     
   0.26      0.43      0.22     -0.022    -0.19     -0.024     0.29      0.038     0.32      0.5     
   0.021     0.031     0.021    -0.0013   -0.011    -0.0014    0.018     0.0023    0.018     0.03    
   0         0         0         0         0         0         0         0         0         0       
   0         0         0         0         0         0         0        -0         0         0       
   2.1       3.8       2.9      -0.011     0.92      0.005    -9.9      -0.054     4.3       47      
   22        23        15       -0.0019   -0.46     -0.055    -1.6      -0.19     -48        1.7e+02 
   2.2e-05   2.4e-05   1.3e-06   1.3e-08  -5.3e-06   5.4e-08   1.1e-05  -1.2e-07   4.7e-05   0.0001  
   19        20        5.7       0.0089   -2.4       0.034     6.9      -0.07      29        61      
   9.8e-05   9.8e-05   0.0002    0         0         0         0         0         0         0.0096  

ACTUATOR_LENGTH
   0.088   
   0.31    
   0.034   
  -2.5     
  -0.26    
   3       
   1.2     

actuator_moment
---------
 x       |
  x      |
   x     |
    x    |
     x   |
      x  |
       x |
---------

ACTUATOR_MOMENT
     0:  1       
     1:  1       
     2:  1       
     3:  1       
     4:  1       
     5:  1       
     6:  1       

CRB
   0         0         0         0         0         0         0         0         0         0       
   1.1       0.42      1.5       0         0         0         0         0         0         20      
   0         0         0         0         0         0         0         0         0         0       
   0         0         0         0         0         0         0         0         0         0       
   56        63        27       -0.16     -5.8      -0.28      2.7e-14   0         3.6e-15   2.9e+02 
   14        16        3.5      -0.15     -3.8      -0.26      4.6       0.32      15        19      
   12        14        3        -0.15     -3.6      -0.26      4.2       0.32      13        15      
   11        12        2.7      -0.15     -3.3      -0.26      3.8       0.32      10        12      
   7.9       9.4       2.3      -0.15     -2.9      -0.26      3.4       0.32      7.7       8.5     
   5.6       7         2        -0.15     -2.5      -0.24      3         0.3       5.6       6.5     
   3.2       4.4       1.6      -0.13     -1.8      -0.19      2.3       0.25      3.5       4.5     
   1.5       2.3       1        -0.099    -0.99     -0.12      1.4       0.18      1.8       2.5     
   0.56      0.9       0.46     -0.045    -0.39     -0.051     0.6       0.078     0.67      1       
   0.28      0.46      0.24     -0.023    -0.2      -0.026     0.31      0.04      0.34      0.53    
   0.021     0.031     0.021    -0.0013   -0.011    -0.0014    0.018     0.0023    0.018     0.03    
   0         0         0         0         0         0         0         0         0         0       
   43        47        24       -0.0043   -2        -0.016    -4.6      -0.32     -15        2.7e+02 
   2.1       3.8       2.9      -0.011     0.92      0.005    -9.9      -0.054     4.3       47      
   22        23        15       -0.0019   -0.46     -0.055    -1.6      -0.19     -48        1.7e+02 
   2.2e-05   2.4e-05   1.3e-06   1.3e-08  -5.3e-06   5.4e-08   1.1e-05  -1.2e-07   4.7e-05   0.0001  
   19        20        5.7       0.0089   -2.4       0.034     6.9      -0.07      29        61      
   9.8e-05   9.8e-05   0.0002    0         0         0         0         0         0         0.0096  

QM
   7.3     
   0.0029    4.8     
   1.6      -0.011     3.2     
  -0.027    -1.1      -0.011     2.5     
  -0.46     -0.0014   -0.41      0.019     1.4     
   0.028    -0.3       0.047     0.28     -1.3e-16   1.1     
  -0.11     -0.0022   -0.097     0.004     0.11     -3.1e-17   0.82    

M
     0:  7.3     
     0:  0.0029     1:  4.8     
     0:  1.6        1: -0.011      2:  3.2     
     0: -0.027      1: -1.1        2: -0.011      3:  2.5     
     0: -0.46       1: -0.0014     2: -0.41       3:  0.019      4:  1.4     
     0:  0.028      1: -0.3        2:  0.047      3:  0.28       4: -1.3e-16    5:  1.1     
     0: -0.11       1: -0.0022     2: -0.097      3:  0.004      4:  0.11       5: -3.1e-17    6:  0.82    

QLD
     0:  6.5     
     0:  0.0003     1:  4.3     
     0:  0.46       1: -0.0019     2:  3.1     
     0: -0.011      1: -0.41       2: -0.0075     3:  2.4     
     0: -0.32       1: -0.00077    2: -0.28       3:  0.013      4:  1.4     
     0:  0.026      1: -0.28       2:  0.044      3:  0.27       4: -1.2e-16    5:  1.1     
     0: -0.13       1: -0.0027     2: -0.12       3:  0.0048     4:  0.13       5: -3.7e-17    6:  0.82    

QLDIAGINV
   0.15    
   0.23    
   0.32    
   0.41    
   0.71    
   0.94    
   1.2     

M: inertia structure
---------
 x       |
 xx      |
 xxx     |
 xxxx    |
 xxxxx   |
 xxxxxx  |
 xxxxxxx |
---------

iM: block-diagonal inertia (nnzs are island ids)
---------
 0       |
 00      |
 000     |
 0000    |
 00000   |
 000000  |
 0000000 |
---------

QH
     0:  6.5     
     0:  0.0003     1:  4.3     
     0:  0.46       1: -0.0019     2:  3.1     
     0: -0.011      1: -0.41       2: -0.0075     3:  2.4     
     0: -0.32       1: -0.00077    2: -0.28       3:  0.013      4:  1.4     
     0:  0.026      1: -0.28       2:  0.044      3:  0.27       4: -1.2e-16    5:  1.1     
     0: -0.13       1: -0.0027     2: -0.12       3:  0.0048     4:  0.13       5: -3.7e-17    6:  0.82    

QHDIAGINV
   0.15    
   0.23    
   0.32    
   0.41    
   0.71    
   0.94    
   1.2     

TREE_AWAKE
  1

BODY_AWAKE
  -1 -1 1 1 -1 -1 1 1 1 1 1 1 1 1 1 1 -1 -1 -1 -1 -1 -1

BODY_AWAKE_IND
  0 1 2 3 4 5 6 7 8 9 10 11 12 13 14 15 16 17 18 19 20 21

PARENT_AWAKE_IND
  1 2 3 4 5 6 7 8 9 10 11 12 13 14 15 16 17 18 19 20 21

DOF_AWAKE_IND
  0 1 2 3 4 5 6

EFC_TYPE
  1
  1
  1
  1
  1
  1
  1

EFC_ID
  0
  1
  2
  3
  4
  5
  6

EFC_J
   1         0         0         0         0         0         0       
   0         1         0         0         0         0         0       
   0         0         1         0         0         0         0       
   0         0         0         1         0         0         0       
   0         0         0         0         1         0         0       
   0         0         0         0         0         1         0       
   0         0         0         0         0         0         1       

IEFC_J
   1         0         0         0         0         0         0       
   0         1         0         0         0         0         0       
   0         0         1         0         0         0         0       
   0         0         0         1         0         0         0       
   0         0         0         0         1         0         0       
   0         0         0         0         0         1         0       
   0         0         0         0         0         0         1       

EFC_POS
   0       
   0       
   0       
   0       
   0       
   0       
   0       

EFC_MARGIN
   0       
   0       
   0       
   0       
   0       
   0       
   0       

EFC_FRICTIONLOSS
   0.1     
   0.1     
   0.1     
   0.1     
   0.1     
   0.1     
   0.1     

EFC_DIAGAPPROX
   0.16    
   0.21    
   0.44    
   0.53    
   0.75    
   0.95    
   1.2     

EFC_KBIP
   0         1.1e+02   0.9       0       
   0         1.1e+02   0.9       0       
   0         1.1e+02   0.9       0       
   0         1.1e+02   0.9       0       
   0         1.1e+02   0.9       0       
   0         1.1e+02   0.9       0       
   0         1.1e+02   0.9       0       

EFC_D
   55      
   43      
   21      
   17      
   12      
   9.5     
   7.3     

EFC_R
   0.018   
   0.023   
   0.049   
   0.058   
   0.084   
   0.11    
   0.14    

ACTUATOR_VELOCITY
   0.0018  
  -4.8e-07 
  -0.00092 
  -1.6e-06 
   5.1e-05 
  -9.7e-07 
  -2.8e-06 

CVEL
   0         0         0         0         0         0       
   0         0         0         0         0         0       
   0         0         0         0         0         0       
   0         0         0         0         0         0       
   0         0         0         0         0         0       
   0         0         0         0         0         0       
   0         0         0.0018   -2.1e-06  -0.0002    0       
   4.2e-08  -4.8e-07   0.0018   -1.7e-06  -0.0002   -5.4e-08 
  -0.00028  -2.5e-05   0.00092   1.9e-05  -0.00033  -3.1e-06 
  -0.00028  -2.3e-05   0.00092   1.7e-05  -0.00033  -2.7e-06 
  -0.00026  -2.1e-05   0.00087   1.3e-05  -0.00029  -2.2e-06 
  -0.00026  -2e-05     0.00087   1.3e-05  -0.00029  -1.8e-06 
  -0.00026  -2e-05     0.00088   1.3e-05  -0.00029  -1.7e-06 
  -0.00026  -2e-05     0.00088   1.3e-05  -0.00029  -1.7e-06 
  -0.00026  -2e-05     0.00088   1.3e-05  -0.00029  -1.7e-06 
  -0.00026  -2e-05     0.00088   1.3e-05  -0.00029  -1.7e-06 
   0         0         0         0         0         0       
   0         0         0         0         0         0       
   0         0         0         0         0         0       
   0         0         0         0         0         0       
   0         0         0         0         0         0       
   0         0         0         0         0         0       

CDOF_DOT
   0         0         0         0         0         0       
  -0.0018   -0.00016   0         0.00013  -0.0014   -2e-05   
  -4.8e-05   0.00054   1.5e-07  -0.00043  -3.8e-05   6.1e-05 
   0.00092   0.00011   0.00028  -0.00011   0.0009    1e-05   
  -2.1e-05   2.3e-05  -5.9e-06  -0.00032  -5.3e-05  -9.1e-05 
   0.00081   0.00033   0.00025  -0.00021   0.00048   4.6e-05 
   2.3e-05  -9.7e-05   4.8e-06  -0.00032  -5.5e-05  -0.00013 

QFRC_BIAS
  -7.1e-09 
  -25      
   0.34    
   11      
   0.12    
   1.9     
   1.2e-09 

QFRC_SPRING
   0       
   0       
   0       
   0       
   0       
   0       
   0       

QFRC_DAMPER
  -0.00018 
   4.8e-08 
   9.2e-05 
   1.6e-07 
  -5.1e-06 
   9.7e-09 
   2.8e-08 

QFRC_GRAVCOMP
   0       
   0       
   0       
   0       
   0       
   0       
   0       

QFRC_FLUID
  -1e-06   
  -1.2e-08 
  -7.7e-07 
   2.1e-08 
   5e-07   
  -1.3e-08 
   4.1e-07 

QFRC_PASSIVE
  -0.00018 
   3.7e-08 
   9.2e-05 
   1.8e-07 
  -4.6e-06 
  -3.3e-09 
   4.4e-07 

EFC_VEL
   0.0018  
  -4.8e-07 
  -0.00092 
  -1.6e-06 
   5.1e-05 
  -9.7e-07 
  -2.8e-06 

EFC_AREF
  -0.19    
   5.1e-05 
   0.097   
   0.00016 
  -0.0053  
   0.0001  
   0.0003  

SUBTREE_LINVEL
   0         0         0       
   0         0         0       
   0         0         0       
   0         0         0       
   0         0         0       
   0         0         0       
   0         0         0       
   0         0         0       
   0         0         0       
   0         0         0       
   0         0         0       
   0         0         0       
   0         0         0       
   0         0         0       
   0         0         0       
   0         0         0       
   0         0         0       
   0         0         0       
   0         0         0       
   0         0         0       
   0         0         0       
   0         0         0       

SUBTREE_ANGMOM
   0         0         0       
   0         0         0       
   0         0         0       
   0         0         0       
   0         0         0       
   0         0         0       
   0         0         0       
   0         0         0       
   0         0         0       
   0         0         0       
   0         0         0       
   0         0         0       
   0         0         0       
   0         0         0       
   0         0         0       
   0         0         0       
   0         0         0       
   0         0         0       
   0         0         0       
   0         0         0       
   0         0         0       
   0         0         0       

ACTUATOR_FORCE
   0.075   
  -25      
   0.23    
   11      
   0.18    
   1.9     
  -0.0015  

QFRC_ACTUATOR
   0.075   
  -25      
   0.23    
   11      
   0.18    
   1.9     
  -0.0015  

QFRC_SMOOTH
   0.075   
  -0.0022  
  -0.1     
  -0.0028  
   0.066   
  -0.001   
  -0.0015  

QACC_SMOOTH
   0.021   
  -0.00093 
  -0.037   
  -0.0018  
   0.043   
   0.00036 
  -0.0091  

EFC_B
   0.21    
  -0.00098 
  -0.13    
  -0.002   
   0.048   
   0.00025 
  -0.0094  

EFC_FORCE
  -0.1     
   0.0022  
   0.1     
   0.0029  
  -0.064   
   0.00096 
   0.0018  

EFC_STATE
  3
  1
  2
  1
  3
  1
  1

QFRC_CONSTRAINT
  -0.1     
   0.0022  
   0.1     
   0.0029  
  -0.064   
   0.00096 
   0.0018  

QFRC_INVERSE
   0       
   0       
   0       
   0       
   0       
   0       
   0       

CACC
   0         0         0        -0        -0         9.8     
   0         0         0         0         0         9.8     
   0         0         0         0         0         9.8     
   0         0         0         0         0         9.8     
   0         0         0         0         0         9.8     
   0         0         0         0         0         9.8     
   0         0        -0.0036    4.1e-06   0.0004    9.8     
  -1.2e-07   1.4e-06  -0.0036    3e-06     0.0004    9.8     
   0.00024   2.2e-05  -0.0028   -1.4e-05   0.00051   9.8     
   0.00024   2.7e-05  -0.0028   -2e-05     0.00051   9.8     
   0.00026   3e-05    -0.0028   -2.3e-05   0.00054   9.8     
   0.00026   2.9e-05  -0.0028   -2.3e-05   0.00054   9.8     
   0.00026   2.8e-05  -0.0029   -2.6e-05   0.00057   9.8     
   0.00026   2.8e-05  -0.0029   -2.6e-05   0.00057   9.8     
   0.00026   2.8e-05  -0.0029   -2.6e-05   0.00057   9.8     
   0.00026   2.8e-05  -0.0029   -2.6e-05   0.00057   9.8     
   0         0         0         0         0         9.8     
   0         0         0         0         0         9.8     
   0         0         0         0         0         9.8     
   0         0         0         0         0         9.8     
   0         0         0         0         0         9.8     
   0         0         0         0         0         9.8     

CFRC_INT
   0.0065    0.00081  -0.0077    0.00096  -0.0074    3.1e+03 
   0         0         0         0         0         2e+02   
   0         0         0         0         0         0       
   0         0         0         0         0         0       
   0.0065    0.00081  -0.0077    0.00096  -0.0074    2.9e+03 
   3.1      -46       -0.0077    0.00096  -0.0074    1.8e+02 
   3.2      -41       -0.0077    0.00096  -0.0074    1.4e+02 
   3.2      -38       -0.0066    0.00096  -0.0074    1.1e+02 
   3.1      -34       -0.0055    0.00094  -0.0071    84      
   2.9      -29       -0.0048    0.00086  -0.0063    64      
   2.5      -22       -0.0037    0.00071  -0.005     44      
   1.7      -14       -0.0024    0.0005   -0.0031    25      
   0.77     -5.9      -0.0011    0.00022  -0.0013    10      
   0.39     -3        -0.00058   0.00011  -0.00068   5.2     
   0.022    -0.17     -5.2e-05   6.3e-06  -3.9e-05   0.29    
   0         0         0         0         0         0       
  -3.1       46        0         0         0         2.7e+03 
  -0.53      97        0         0         0         4.6e+02 
  -1.9       16        0         0         0         1.6e+03 
  -1.1e-06  -0.00011   0         0         0         0.00098 
  -0.69     -67        0         0         0         6e+02   
   0         0         0         0         0         0.094   

CFRC_EXT
   0         0         0         0         0         0       
   0         0         0         0         0         0       
   0         0         0         0         0         0       
   0         0         0         0         0         0       
   0         0         0         0         0         0       
   0         0         0         0         0         0       
   0         0         0         0         0         0       
   0         0         0         0         0         0       
   0         0         0         0         0         0       
   0         0         0         0         0         0       
   0         0         0         0         0         0       
   0         0         0         0         0         0       
   0         0         0         0         0         0       
   0         0         0         0         0         0       
   0         0         0         0         0         0       
   0         0         0         0         0         0       
   0         0         0         0         0         0       
   0         0         0         0         0         0       
   0         0         0         0         0         0       
   0         0         0         0         0         0       
   0         0         0         0         0         0       
   0         0         0         0         0         0       

TREE_ISLAND
  0

ISLAND_NTREE
  1

ISLAND_ITREEADR
  0

MAP_ITREE2TREE
  0

DOF_ISLAND            0 0 0 0 0 0 0

ISLAND_NV             7

ISLAND_IDOFADR        0

MAP_IDOF2DOF          0 1 2 3 4 5 6

EFC_ISLAND            0 0 0 0 0 0 0

ISLAND_NEFC           7

ISLAND_IEFCADR        0

MAP_IEFC2EFC          0 1 2 3 4 5 6

